modelParameters

k =

    0.0013


t =

         0
    0.0000
    0.0000
    0.0000
    0.0000
    0.0000
    0.0000
    0.0000
    0.0000
    0.0000
    0.0000
    0.0000
    0.0000
    0.0000
    0.0000
    0.0000
    0.0000
    0.0000
    0.0000
    0.0000
    0.0000
    0.0001
    0.0001
    0.0001
    0.0002
    0.0004
    0.0005
    0.0007
    0.0009
    0.0018
    0.0026
    0.0035
    0.0044
    0.0088
    0.0131
    0.0175
    0.0219
    0.0438
    0.0657
    0.0877
    0.1096
    0.1425
    0.1754
    0.2083
    0.2412
    0.2801
    0.3190
    0.3578
    0.3967
    0.4422
    0.4876
    0.5331
    0.5786
    0.6317
    0.6848
    0.7379
    0.7909
    0.8543
    0.9177
    0.9811
    1.0444
    1.1214
    1.1984
    1.2753
    1.3523
    1.4485
    1.5447
    1.6408
    1.7370
    1.8616
    1.9862
    2.1108
    2.2355
    2.4008
    2.5661
    2.7315
    2.8968
    3.0718
    3.2468
    3.4218
    3.5968
    3.7718
    3.9468
    4.1218
    4.2968
    4.4443
    4.5918
    4.7392
    4.8867
    5.0141
    5.1415
    5.2689
    5.3963
    5.5322
    5.6682
    5.8041
    5.9401
    6.1043
    6.2686
    6.4328
    6.5970
    6.6978
    6.7985
    6.8993
    7.0000


x =

   1.0e+03 *

    1.0000         0         0
    1.0000    0.0000         0
    1.0000    0.0000         0
    1.0000    0.0000         0
    1.0000    0.0000         0
    1.0000    0.0000         0
    1.0000    0.0000         0
    1.0000    0.0000         0
    1.0000    0.0000         0
    1.0000    0.0000         0
    1.0000    0.0000         0
    1.0000    0.0000         0
    1.0000    0.0000         0
    1.0000    0.0000         0
    1.0000    0.0000         0
    1.0000    0.0000         0
    1.0000    0.0000         0
    1.0000    0.0001         0
    1.0000    0.0001         0
    1.0000    0.0001         0
    1.0000    0.0002         0
    1.0000    0.0003         0
    1.0000    0.0005         0
    0.9999    0.0006         0
    0.9999    0.0008         0
    0.9998    0.0016         0
    0.9998    0.0024         0
    0.9997    0.0031         0
    0.9996    0.0039         0
    0.9992    0.0078         0
    0.9988    0.0117         0
    0.9984    0.0155         0
    0.9980    0.0194         0
    0.9961    0.0383         0
    0.9941    0.0567         0
    0.9922    0.0747         0
    0.9902    0.0923         0
    0.9806    0.1738         0
    0.9710    0.2457         0
    0.9615    0.3090         0
    0.9521    0.3646         0
    0.9382    0.4356         0
    0.9245    0.4936         0
    0.9110    0.5406         0
    0.8976    0.5785         0
    0.8821    0.6134         0
    0.8669    0.6395         0
    0.8520    0.6584         0
    0.8373    0.6716         0
    0.8204    0.6812         0
    0.8039    0.6857         0
    0.7877    0.6862         0
    0.7718    0.6837         0
    0.7537    0.6780         0
    0.7360    0.6700         0
    0.7187    0.6601         0
    0.7018    0.6491         0
    0.6822    0.6350         0
    0.6631    0.6201         0
    0.6445    0.6048         0
    0.6265    0.5893         0
    0.6053    0.5707         0
    0.5848    0.5522         0
    0.5650    0.5340         0
    0.5458    0.5163         0
    0.5228    0.4949         0
    0.5008    0.4742         0
    0.4797    0.4543         0
    0.4595    0.4352         0
    0.4345    0.4117         0
    0.4110    0.3894         0
    0.3887    0.3683         0
    0.3676    0.3483         0
    0.3414    0.3235         0
    0.3170    0.3004         0
    0.2944    0.2789         0
    0.2734    0.2590         0
    0.2528    0.2396         0
    0.2337    0.2216         0
    0.2161    0.2048         0
    0.1998    0.1893         0
    0.1848    0.1752         0
    0.1708    0.1620         0
    0.1580    0.1496         0
    0.1461    0.1382         0
    0.1367    0.1296         0
    0.1280    0.1214         0
    0.1198    0.1135         0
    0.1122    0.1062         0
    0.1059    0.1004         0
    0.1001    0.0948         0
    0.0945    0.0896         0
    0.0893    0.0846         0
    0.0840    0.0796         0
    0.0791    0.0749         0
    0.0744    0.0705         0
    0.0700    0.0663         0
    0.0650    0.0616         0
    0.0604    0.0573         0
    0.0561    0.0532         0
    0.0522    0.0494         0
    0.0499    0.0472         0
    0.0477    0.0452         0
    0.0456    0.0432         0
    0.0435    0.0413         0


t =

         0
    0.0049
    0.0099
    0.0148
    0.0198
    0.0445
    0.0692
    0.0940
    0.1187
    0.1563
    0.1938
    0.2314
    0.2689
    0.3118
    0.3546
    0.3974
    0.4402
    0.4907
    0.5413
    0.5918
    0.6423
    0.7023
    0.7623
    0.8223
    0.8823
    0.9556
    1.0289
    1.1022
    1.1755
    1.2674
    1.3593
    1.4512
    1.5431
    1.6629
    1.7827
    1.9025
    2.0223
    2.1847
    2.3472
    2.5096
    2.6720
    2.8470
    3.0220
    3.1970
    3.3720
    3.5470
    3.7220
    3.8970
    4.0720
    4.2470
    4.4220
    4.5970
    4.7720
    4.9121
    5.0522
    5.1922
    5.3323
    5.4481
    5.5638
    5.6795
    5.7953
    5.9194
    6.0435
    6.1677
    6.2918
    6.4395
    6.5872
    6.7349
    6.8826
    6.9120
    6.9413
    6.9707
    7.0000


x =

  412.0000  120.3112  138.8900
  411.1951  126.2699  139.0241
  410.3972  132.0605  139.1533
  409.6060  137.6876  139.2777
  408.8215  143.1553  139.3974
  404.9935  168.2509  139.9298
  401.3110  189.9419  140.3625
  397.7589  208.6462  140.7081
  394.3234  224.7421  140.9786
  389.2991  244.9539  141.2693
  384.4802  260.8363  141.4404
  379.8376  273.1509  141.5167
  375.3446  282.5904  141.5206
  370.3777  290.5717  141.4604
  365.5546  296.1187  141.3491
  360.8566  299.7075  141.2020
  356.2665  301.7821  141.0338
  350.9696  302.7693  140.8236
  345.7902  302.4803  140.6107
  340.7172  301.1987  140.4039
  335.7394  299.2079  140.2119
  329.9416  296.2275  140.0124
  324.2597  292.7119  139.8473
  318.6879  288.7998  139.7204
  313.2198  284.6531  139.6358
  306.6722  279.4447  139.5944
  300.2693  274.1082  139.6208
  294.0079  268.6951  139.7150
  287.8837  263.2954  139.8787
  280.3932  256.6412  140.1834
  273.1105  250.0854  140.5959
  266.0324  243.6344  141.1143
  259.1539  237.3371  141.7386
  250.4778  229.4090  142.7112
  242.1275  221.7444  143.8589
  234.0958  214.3297  145.1795
  226.3732  207.1934  146.6724
  216.3817  197.9870  148.9709
  206.9237  189.2468  151.5824
  197.9794  180.9454  154.5069
  189.5270  173.0971  157.7471
  180.9474  165.1416  161.5953
  172.8916  157.6574  165.8183
  165.3356  150.6278  170.4233
  158.2566  144.0323  175.4184
  151.6342  137.8178  180.8119
  145.4444  132.0224  186.6175
  139.6651  126.6674  192.8494
  134.2819  121.6515  199.5171
  129.2857  116.8132  206.6281
  124.6445  112.3964  214.2111
  120.3356  108.5094  222.2897
  116.3621  104.8523  230.8668
  113.4261  101.9028  238.0938
  110.6822   99.2208  245.6696
  108.1197   96.8712  253.6089
  105.7465   94.6607  261.9114
  103.9319   92.8390  269.0479
  102.2375   91.1586  276.4494
  100.6606   89.6289  284.1232
   99.2025   88.2042  292.0731
   97.7720   86.7561  300.9112
   96.4742   85.4389  310.0836
   95.3071   84.2600  319.5995
   94.2722   83.1941  329.4652
   93.2158   82.0399  341.6698
   92.3451   81.0639  354.3968
   91.6596   80.2862  367.6613
   91.1661   79.6628  381.4724
   91.0918   79.5518  384.2816
   91.0252   79.4478  387.1130
   90.9662   79.3508  389.9667
   90.9151   79.2608  392.8428
